0 0
0.001418440 6091.885442
0.003309693 9474.940334
0.007565012 12535.79952
0.009456265 13770.88305
0.011820331 14737.47017
0.013711584 15005.96659
0.015602837 14898.56802
0.017966903 14415.27446
0.017966903 13233.89021
0.025059102 11515.51313
0.028368794 10173.03103
0.035460993 8562.052506
0.036406619 8025.059666
0.041134752 6843.675418
0.045390071 6199.28401
0.058156028 5071.599045
0.071394799 4266.109785
0.085106383 3836.515513
0.102600473 3192.124105
0.118676123 2762.529833