0 0
0.000629921 2352.941176
0.001259843 5062.388592
0.002204724 6987.522282
0.003464567 8663.101604
0.006614173 10980.39216
0.008188976 11729.05526
0.008818898 11978.60963
0.009448819 11764.70588
0.015118110 10980.39216
0.015748031 10516.93405
0.023622047 9090.909091
0.028661417 7878.787879
0.031496063 6452.762923
0.034645669 6096.256684
0.035590551 5775.401070
0.039370079 5490.196078
0.046614173 4491.978610
0.053228346 4099.821747
0.062992126 3422.459893
0.067086614 3030.303030
0.072440945 2852.049911
0.079370079 2531.194296
0.083779528 2459.893048
0.089133858 2281.639929
0.095748031 2174.688057
0.109921260 1925.133690
0.134173228 1532.976827
0.154330709 1390.374332
0.175118110 1247.771836
0.199370079 1105.169340